1.0
1.0
1.0
1.0
1.0
1.0
1.0
1.0
1.0
1.0
1.0
1.0
1.0
1.0
1.0
1.0
0.97623872383386
0.9723337689385245
0.9645706561273194
0.9416512263853234
0.9303965506618875
0.9192763915429975
0.8938434784852096
0.8902681045712688
0.8796275632082743
0.8691141982766449
0.8053863687990306
0.7925772980169192
0.7862493608695521
0.7831043634260739
0.7706496713559033
0.746331384682798
0.7198893534118974
0.6860848222064914
0.6697825712726458
0.6564936572543867
0.6332345177212874
0.6231633940055196
0.6083562365039253
0.6010851238304312
0.586802574203738
0.5844553639069231
0.5821175424512954
0.5797890722814902
0.5614934998654687
0.5570105357625428
0.5394337529621543
0.5329864062229905
0.5141030475574518
0.5120466353672221
0.5099984488257532
0.503902914725487
0.48996182025414065
0.4880019729731241
0.4860499650812316
0.4841057652209067
0.48216934216002305
0.4558587875204722
0.4344525915058227
0.43271478113979944
0.4258327745963431
0.4123953803141683
0.4107457987929116
0.40910281559774
0.3930301369795873
0.3700973104932201
0.36861692125124723
0.35698500561340163
0.355557065590948
0.35413483732858425
0.3527182979792699
0.35130742478735283
0.3499021950882034
0.3457201416587687
0.3321376178607234
0.30655248076575586
0.3053262708426928
0.30410496575932205
0.28407450921849864
0.28293821118162465
0.2643019435078597
0.2621917567908929
0.2569897048687742
0.2559617460492991
0.2539181474688415
0.25189086497945024
0.24394230613022727
0.24199467075808354
0.2381459256256619
0.23248727451902954
0.22068386716527305
0.20864180136509555
0.20124975923831606
0.18950708259651144
0.1887490542661254
0.18279297100089115
0.18206179911688758
0.18060821771273836
0.17916624170251985
0.17631673597379166
0.16602887066197813
0.16273475182191421
0.15634128967422195
0.14257338930163602
0.13264978962241664
0.13211919046392698
0.12490983707770378
0.11668241120565657
0.11120324389747333
0.10856091290865486
0.10769416257999215
0.10726338592967218
0.10683433238595348
0.10640699505640967
0.10100469890691807
0.0962617248930519
0.0928512351400386
0.08638846889898776
0.08535594838984505
0.08102241645354506
0.07878083155878221
0.07448199463150891
0.07359178106482545
0.06577953357490555
0.05950784872013358
0.05786149082747104
0.05514443359777561
0.05426740242297857
0.052977939687187114
0.05213536498561189
0.04716456994940306
0.04423492483425259
0.04050146559348022
0.03844520123314909
0.03505959720311346
0.0327503296238674
0.029866233705442193
0.027455323549718743
0.02574992573503291
0.023482307162484603
0.021935599985500612
0.02073863918458287
0.018912330096616938
0.018024245768257344
0.016837044268141317
0.01676969609106875
0.016175556761617926
0.015049682216044889
0.014058406046551921
0.013398252060878212
0.012769097555754273
0.011785471811560541
0.011053412768946102
0.010242920884816435
0.01
0.01
0.01
0.01
0.01
0.01
0.01
0.01
0.01
0.01
0.01
0.01
0.01
0.01
0.01
0.01
0.01
0.01
0.01
0.01
0.01
0.01
0.01
0.01
0.01
0.01
0.01
0.01
0.01
0.01
0.01
0.01
0.01
0.01
0.01
0.01
0.01
0.01
0.01
0.01
0.01
0.01
0.01
0.01
0.01
0.01
0.01
0.01
0.01
0.01
0.01
0.01
0.01
0.01
0.01
0.01
0.01
0.01
0.01
0.01
0.01
0.01
0.01
0.01
0.01
0.01
0.01
0.01
0.01
0.01
0.01
0.01
0.01
0.01
0.01
0.01
0.01
0.01
0.01
0.01
0.01
0.01
0.01
0.01
0.01
0.01
0.01
0.01
0.01
0.01
0.01
0.01
0.01
0.01
0.01
0.01
0.01
0.01
0.01
0.01
0.01
0.01
0.01
0.01
0.01
0.01
0.01
0.01
0.01
0.01
0.01
0.01
0.01
0.01
0.01
0.01
0.01
0.01
0.01
0.01
0.01
0.01
0.01
0.01
0.01
0.01
0.01
0.01
0.01
0.01
0.01
0.01
0.01
0.01
0.01
0.01
0.01
0.01
0.01
0.01
0.01
0.01
0.01
0.01
0.01
0.01
0.01
0.01
0.01
0.01
0.01
0.01
0.01
0.01
0.01
0.01
0.01
0.01
0.01
0.01
0.01
0.01
0.01
0.01
0.01
0.01
0.01
0.01
0.01
0.01
0.01
0.01
0.01
0.01
0.01
0.01
0.01
0.01
0.01
0.01
0.01
0.01
0.01
0.01
0.01
0.01
0.01
0.01
0.01
0.01
0.01
0.01
0.01
0.01
0.01
0.01
0.01
0.01
0.01
0.01
0.01
0.01
0.01
0.01
0.01
0.01
0.01
0.01
0.01
0.01
0.01
0.01
0.01
0.01
0.01
0.01
0.01
0.01
0.01
0.01
0.01
0.01
0.01
0.01
0.01
0.01
0.01
0.01
0.01
0.01
0.01
0.01
0.01
0.01
0.01
0.01
0.01
0.01
0.01
0.01
0.01
0.01
0.01
0.01
0.01
0.01
0.01
0.01
0.01
0.01
0.01
0.01
0.01
0.01
0.01
0.01
0.01
0.01
0.01
0.01
0.01
0.01
0.01
0.01
0.01
0.01
0.01
0.01
0.01
0.01
0.01
0.01
0.01
0.01
0.01
0.01
0.01
0.01
0.01
0.01
0.01
0.01
0.01
0.01
0.01
0.01
0.01
0.01
0.01
0.01
0.01
0.01
0.01
0.01
0.01
0.01
0.01
0.01
0.01
0.01
0.01
0.01
0.01
0.01
0.01
0.01
0.01
0.01
0.01
0.01
0.01
0.01
0.01
0.01
0.01
0.01
0.01
0.01
0.01
0.01
0.01
0.01
0.01
0.01
0.01
0.01
0.01
0.01
0.01
0.01
0.01
0.01
0.01
0.01
0.01
0.01
0.01
0.01
0.01
0.01
0.01
0.01
0.01
0.01
0.01
0.01
0.01
0.01
0.01
0.01
0.01
0.01
0.01
0.01
0.01
0.01
0.01
0.01
0.01
0.01
0.01
0.01
0.01
0.01
0.01
0.01
0.01
0.01
0.01
0.01
0.01
0.01
0.01
0.01
0.01
0.01
0.01
0.01
0.01
0.01
0.01
0.01
0.01
0.01
0.01
0.01
0.01
0.01
0.01
0.01
0.01
0.01
0.01
0.01
0.01
0.01
0.01
0.01
0.01
0.01
0.01
0.01
0.01
0.01
0.01
0.01
0.01
0.01
0.01
0.01
0.01
0.01
0.01
0.01
0.01
0.01
0.01
0.01
0.01
0.01
0.01
0.01
0.01
0.01
0.01
0.01
0.01
0.01
0.01
0.01
0.01
0.01
0.01
0.01
0.01
0.01
0.01
0.01
0.01
0.01
0.01
0.01
0.01
0.01
0.01
0.01
0.01
0.01
0.01
0.01
0.01
0.01
0.01
0.01
0.01
0.01
0.01
0.01
0.01
0.01
0.01
0.01
0.01
0.01
0.01
0.01
0.01
0.01
0.01
0.01
0.01
0.01
0.01
0.01
0.01
0.01
0.01
0.01
0.01
0.01
0.01
0.01
0.01
0.01
0.01
0.01
0.01
0.01
0.01
0.01
0.01
0.01
0.01
0.01
0.01
0.01
0.01
0.01
0.01
0.01
0.01
0.01
0.01
0.01
0.01
0.01
0.01
0.01
0.01
0.01
0.01
0.01
0.01
0.01
0.01
0.01
0.01
0.01
0.01
0.01
0.01
0.01
0.01
0.01
0.01
0.01
0.01
0.01
0.01
0.01
0.01
0.01
0.01
0.01
0.01
0.01
0.01
0.01
0.01
0.01
0.01
0.01
0.01
0.01
